Subject	TC1__Duration_[s]	TC1_wheel_AOI_Attention_Ratio_[%]	TC1_surt_AOI_Attention_Ratio_[%]	TC1_ic_AOI_Attention_Ratio_[%]	TC1_street_AOI_Attention_Ratio_[%]	TC4__Duration_[s]	TC4_wheel_AOI_Attention_Ratio_[%]	TC4_surt_AOI_Attention_Ratio_[%]	TC4_ic_AOI_Attention_Ratio_[%]	TC4_street_AOI_Attention_Ratio_[%]	TC7__Duration_[s]	TC7_wheel_AOI_Attention_Ratio_[%]	TC7_surt_AOI_Attention_Ratio_[%]	TC7_ic_AOI_Attention_Ratio_[%]	TC7_street_AOI_Attention_Ratio_[%]
01
1. Recording: 28.09.2020 11:21:11	67,722					74,055					74,417				
02
1. Recording: 29.09.2020 09:10:12	65,983					74,604					74,897				
03
1. Recording: 29.09.2020 14:26:30	74,718					76,375					74,271				
04
1. Recording: 02.10.2020 09:17:31	73,511					69,238					74,641				
05
1. Recording: 02.10.2020 11:23:48															
06
1. Recording: 02.10.2020 14:17:27	73,434					83,222					0				
06
2. Recording: 02.10.2020 14:39:56	0					0					74,461				
07
1. Recording: 05.10.2020 09:35:30															
07
2. Recording: 05.10.2020 10:15:32	0					0					74,443				
08
1. Recording: 05.10.2020 14:26:07	70,128					69,351					0				
08
2. Recording: 05.10.2020 14:52:34	0					0					73,125				
09
1. Recording: 06.10.2020 09:08:11	74,775					74,09					0				
09
2. Recording: 06.10.2020 09:31:07	0					0					74,434				
10
1. Recording: 06.10.2020 11:15:11	62,303					78,075					0				
10
2. Recording: 06.10.2020 11:36:04	0					0					74,304				
11
1. Recording: 08.10.2020 11:20:59															
11
2. Recording: 08.10.2020 11:42:12	0					74,291		64,032	7,761	1,458	74,274	0,071	0,162	30,584	57,739
13
1. Recording: 09.10.2020 14:21:39	72,653			83,454	1,016	0					0				
13
2. Recording: 09.10.2020 14:30:40	0					74,698		96,79	0,021	0,495	0				
13
3. Recording: 09.10.2020 14:41:24	0					0					74,478		0,796	49,476	23,98
14
1. Recording: 09.10.2020 16:21:24	70,56	3,306	15,839	56,831	0,045	74,569		93,004	3,894	0,284	74,607	0,227		44,637	8,919
15
1. Recording: 12.10.2020 11:19:46	66,474		0,915	47,11	24,428	71,829	0,043	64,131	20,428	8,346	75,173	1,039	1,064	33,324	42,513
16
1. Recording: 12.10.2020 14:10:16	73,3			33,438	63,939	74,8		91,587		1,655	73,732			29,146	67,55
17
1. Recording: 12.10.2020 16:09:23	69,703			22,998	73,455	73,78		63,596	7,785	17,575	74,24	0,036	0,35	40,35	40,679
18
1. Recording: 13.10.2020 14:09:29	63,556		2,03		52,598	73,602	0,511	85,155		3,444	72,194			11,203	86,542
19
1. Recording: 15.10.2020 09:19:10	71,231		2,015	27,513	63,401	74,229		94,549	3,094	1,446	74,428		1,626	22,567	67,695
20
1. Recording: 15.10.2020 11:27:12	65,819		0,1	19,016	75,361	74,057	0,922	63,185	14,81	19,497	74,021	0,585	0,607	34,308	58,586
21
1. Recording: 16.10.2020 11:22:18	71,696			20,471	74,954	74,184		94,814	2,354	1,917	74,279		0,18	20,548	73,633
23
1. Recording: 19.10.2020 09:24:17	71,102					74,271					74,089				
24
1. Recording: 19.10.2020 11:08:46	79,196					74,084					74,345				
25
1. Recording: 20.10.2020 09:14:28	69,859					73,967					73,793				
26
1. Recording: 20.10.2020 11:24:48	66,064					73,97					74,171				
27
1. Recording: 20.10.2020 14:19:33	81,511					74,099					74,013				
28
1. Recording: 20.10.2020 16:07:01	65,271					0					0				
28
2. Recording: 20.10.2020 16:20:31	0					72,855					75,085				
29
1. Recording: 22.10.2020 09:19:52	66,799					74,03					74,112				
30
1. Recording: 22.10.2020 11:17:50	71,652					74,255					74,289				
31
1. Recording: 22.10.2020 14:34:59	70,067					71,579					74,064				
32
1. Recording: 23.10.2020 11:29:27	70,156					0					0				
32
2. Recording: 23.10.2020 11:39:47	0					74,131					74,143				
33
1. Recording: 26.10.2020 09:09:28	70,859					74,427					74,076				
34
1. Recording: 27.10.2020 11:12:55	66,828					63,105					65,353				
35
1. Recording: 27.10.2020 13:57:37	68,914					62,735					73,703				
36
1. Recording: 29.10.2020 13:41:33	68,853					74,276					73,702				
37
1. Recording: 29.10.2020 16:05:49	66,713					74,837					74,521				
38
1. Recording: 30.10.2020 11:08:58	68,882					74,453					74,384				
50
1. Recording: 28.09.2020 14:14:22	139,854					74,178					73,916				
51
1. Recording: 29.09.2020 11:15:48	73,468					74,761					74,714				
52
1. Recording: 29.09.2020 16:20:55	76,81					74,309					74,455				
53
1. Recording: 01.10.2020 09:27:40	69,545					66,389					74,325				
54
1. Recording: 01.10.2020 11:24:19	74,413					74,246					73,967				
56
1. Recording: 01.10.2020 16:21:09	63,69					74,472					74,561				
57
1. Recording: 02.10.2020 16:13:04	74,683					74,192					0				
57
2. Recording: 02.10.2020 16:35:09	0					0					74,523				
58
1. Recording: 05.10.2020 11:17:29	64,999					74,531					0				
58
2. Recording: 05.10.2020 11:36:45	0					0					74,545				
59
1. Recording: 05.10.2020 16:22:20	62,556					74,045					0				
59
2. Recording: 05.10.2020 16:45:29	0					0					74,128				
60
1. Recording: 06.10.2020 14:09:17	70,148					74,206					0				
60
2. Recording: 06.10.2020 14:30:00	0					0					74,03				
61
1. Recording: 06.10.2020 16:15:44	65,722					85,151					0				
61
2. Recording: 06.10.2020 16:39:21	0					0					73,924				
62
1. Recording: 08.10.2020 09:20:20	70,608	0,372		40,692	1,061	72,664		83,369	3,196	7,385	74,199	0,007		41,859	4,294
63
1. Recording: 08.10.2020 16:19:46	70,702	2,174	0,328	22,801	5,013	74,215	0,782	70,491	16,253	6,497	0				
63
2. Recording: 08.10.2020 16:40:26	0					0					73,76	0,005		49,311	48,187
64
1. Recording: 09.10.2020 09:24:46	68,129			35,13	59,635	73,884			31,233	63,095	74,299			39,423	55,116
65
1. Recording: 09.10.2020 11:29:56															
65
2. Recording: 09.10.2020 12:11:03	0					0					0				
66
1. Recording: 12.10.2020 09:15:07	73,179		0,752	65,098	27,019	73,709	0,969	54,478	28,178	11,467	74,728			34,031	60,758
67
1. Recording: 13.10.2020 09:11:28	72,914	0,374		20,598	72,137	73,838	0,249	0,009	9,161	72,547	74,306		0,82	4,804	7,141
68
1. Recording: 13.10.2020 11:18:43	62,75		0,534	9,764	87,006	59,37		72,092	8,252	15,262	73,824		1,421	37,067	58,286
69
1. Recording: 15.10.2020 16:14:39	73,565			17,353	79,217	74,102	0,04	25,213	45,636	21,874	0				
69
2. Recording: 15.10.2020 16:33:23	0					0					0				
69
3. Recording: 15.10.2020 16:46:55	0					0					74,122			6,42	91,959
69
4. Recording: 15.10.2020 16:50:23	0					0					0				
69
5. Recording: 15.10.2020 16:53:03	0					0					0				
69
6. Recording: 15.10.2020 16:55:35	0					0					0				
69
7. Recording: 15.10.2020 16:59:18	0					0					0				
69
8. Recording: 15.10.2020 17:02:09	0					0					0				
70
1. Recording: 16.10.2020 09:14:58	69,974	3,187		38,63	54,546	73,742		92,588	0,799	1,559	73,642			13,919	81,944
71
1. Recording: 16.10.2020 15:10:53															
71
2. Recording: 16.10.2020 15:14:50	0					74,255		82,456	3,702	11,494	74,399		88,749		9,461
72
1. Recording: 19.10.2020 16:08:49	67,346					74,324					62,478				
73
1. Recording: 22.10.2020 16:12:30															
74
1. Recording: 23.10.2020 09:08:40	73,671					73,658					74,295				
75
1. Recording: 23.10.2020 14:35:28	80,526					72,838					71,399				
75
2. Recording: 23.10.2020 15:17:35	0					0					0				
76
1. Recording: 26.10.2020 11:16:06	73,87					0					0				
76
2. Recording: 26.10.2020 11:24:17	0					74,289					74,065				
77
1. Recording: 27.10.2020 16:08:53	69,784					73,823					74,044				
78
1. Recording: 29.10.2020 09:02:42	71,998					74,39					74				
79
1. Recording: 29.10.2020 11:19:54	72,81					68,252					66,718				
79
2. Recording: 29.10.2020 11:59:27	0					0					0				
80
1. Recording: 30.10.2020 09:11:32	80,911					76,995					55,76				
81
1. Recording: 30.10.2020 13:56:19															
81
2. Recording: 30.10.2020 14:30:05	0					0					0				
82
1. Recording: 30.10.2020 16:19:25	55,351					0					0				
82
2. Recording: 30.10.2020 16:32:42	0					74,558					67,978				
82
3. Recording: 30.10.2020 16:55:03	0					0					0				
Average	47,329	1,8826	2,814125	35,0560625	47,93123529	50,36422826	0,50228571	71,75216667	12,15041176	14,06826316	51,01484783	0,28142857	9,5775	30,16538889	49,73589474
Standard Deviation	34,90191461	1,44656725	5,31179441	19,82606934	31,07084863	34,49235657	0,40022981	25,73332706	12,67597477	20,19256301	34,02855788	0,3926983	27,82235464	14,03099521	27,60740221
Maximum	139,854	3,306	15,839	83,454	87,006	85,151	0,969	96,79	45,636	72,547	75,173	1,039	88,749	49,476	91,959
Variance	1218,14364341	2,0925568	28,21515984	393,0730254	965,39763457	1189,72266176	0,1601839	662,20412168	160,68033626	407,73960098	1157,94275116	0,15421195	774,08341783	196,86882672	762,16865699
Median	66,8135	2,174	0,8335	30,4755	59,635	73,8015	0,511	77,274	7,785	7,385	73,9835	0,071	0,808	33,6775	57,739
