Subject	TC1__Duration_[s]	TC1_wheel_AOI_Attention_Ratio_[%]	TC1_surt_AOI_Attention_Ratio_[%]	TC1_street_AOI_Attention_Ratio_[%]	TC1_ic_AOI_Attention_Ratio_[%]	TC4__Duration_[s]	TC4_wheel_AOI_Attention_Ratio_[%]	TC4_surt_AOI_Attention_Ratio_[%]	TC4_street_AOI_Attention_Ratio_[%]	TC4_ic_AOI_Attention_Ratio_[%]	TC7__Duration_[s]	TC7_wheel_AOI_Attention_Ratio_[%]	TC7_surt_AOI_Attention_Ratio_[%]	TC7_street_AOI_Attention_Ratio_[%]	TC7_ic_AOI_Attention_Ratio_[%]
01
1. Recording: 28.09.2020 11:21:11	67,722			62,12	35,931	74,055		70,356	2,308	24,433	74,417	0,603	0,036	41,746	48,47
02
1. Recording: 29.09.2020 09:10:12	65,983			70,112	9,345	74,604		96,964	2,23		74,897			60,285	20,6
03
1. Recording: 29.09.2020 14:26:30	74,718		0,601	6,001	25,695	76,375		40,842	0,982	3,141	74,271			3,552	40,075
04
1. Recording: 02.10.2020 09:17:31	73,511			75,325	22,988	69,238		83,916	4,056		74,641			65,523	12,816
05
1. Recording: 02.10.2020 11:23:48															
06
1. Recording: 02.10.2020 14:17:27	73,434	3,825	8,809	30,524	55,873	83,222	1,067	46,11	11,372	22,245	0				
06
2. Recording: 02.10.2020 14:39:56	0					0					74,461		0,133	62,233	36,513
07
1. Recording: 05.10.2020 09:35:30															
07
2. Recording: 05.10.2020 10:15:32	0					0					74,443			6,252	4,978
08
1. Recording: 05.10.2020 14:26:07	70,128			31,937	28,032	69,351			28,853	50,749	0				
08
2. Recording: 05.10.2020 14:52:34	0					0					73,125			24,139	48,762
09
1. Recording: 06.10.2020 09:08:11	74,775			52,705	25,843	74,09		90,815	2,961	4,013	0				
09
2. Recording: 06.10.2020 09:31:07	0					0					74,434			51,638	19,189
10
1. Recording: 06.10.2020 11:15:11	62,303			70,375	25,264	78,075		88,867	3,663	4,26	0				
10
2. Recording: 06.10.2020 11:36:04	0					0					74,304		0,017	81,235	9,788
11
1. Recording: 08.10.2020 11:20:59															
11
2. Recording: 08.10.2020 11:42:12	0					74,291					74,274				
13
1. Recording: 09.10.2020 14:21:39	72,653					0					0				
13
2. Recording: 09.10.2020 14:30:40	0					74,698					0				
13
3. Recording: 09.10.2020 14:41:24	0					0					74,478				
14
1. Recording: 09.10.2020 16:21:24	70,56					74,569					74,607				
15
1. Recording: 12.10.2020 11:19:46	66,474					71,829					75,173				
16
1. Recording: 12.10.2020 14:10:16	73,3					74,8					73,732				
17
1. Recording: 12.10.2020 16:09:23	69,703					73,78					74,24				
18
1. Recording: 13.10.2020 14:09:29	63,556					73,602					72,194				
19
1. Recording: 15.10.2020 09:19:10	71,231					74,229					74,428				
20
1. Recording: 15.10.2020 11:27:12	65,819					74,057					74,021				
21
1. Recording: 16.10.2020 11:22:18	71,696					74,184					74,279				
23
1. Recording: 19.10.2020 09:24:17	71,102			46,948	40,711	74,271		81,547	1,515	5,979	74,089		0,066	53,698	24,206
24
1. Recording: 19.10.2020 11:08:46	79,196			46,011	48,846	74,084		31,593	9,657	3,412	74,345			39,754	53,135
25
1. Recording: 20.10.2020 09:14:28	69,859			70,691	23,536	73,967		59,894	11,139	20,346	73,793		0,022	78,923	11,597
26
1. Recording: 20.10.2020 11:24:48	66,064		0,731	50,409	45,672	73,97		96,189	2,736		74,171			31,279	61,354
27
1. Recording: 20.10.2020 14:19:33	81,511			58,545	27,351	74,099		6,352	14,809	13,358	74,013		0,674	50,79	15,436
28
1. Recording: 20.10.2020 16:07:01	65,271			35,824	29,528	0					0				
28
2. Recording: 20.10.2020 16:20:31	0					72,855		83,213	9,354	6,005	75,085	2,375		16,509	60,169
29
1. Recording: 22.10.2020 09:19:52	66,799			84,347	11,557	74,03		94,175	3,477	0,049	74,112			72,932	19,616
30
1. Recording: 22.10.2020 11:17:50	71,652	0,925	28,994	34,697	25,634	74,255		69,826	13,287	11,778	74,289	0,015	2,154	49,565	34,807
31
1. Recording: 22.10.2020 14:34:59	70,067			35,67	34,277	71,579	0,022	55,262	16,396	14,102	74,064	0,084		60,884	29,516
32
1. Recording: 23.10.2020 11:29:27	70,156			17,535	17,655	0					0				
32
2. Recording: 23.10.2020 11:39:47	0					74,131		30,609	16,104		74,143		0,838	66,772	0,533
33
1. Recording: 26.10.2020 09:09:28	70,859		0,047	58,464	35,452	74,427		15,224	47,941	29,139	74,076	0,803	0,382	65,129	20,592
34
1. Recording: 27.10.2020 11:12:55	66,828	0,296	0,392	6,345	11,548	63,105	0,678	29,299	11,061	2,583	65,353	0,259	27,4	6,977	5,939
35
1. Recording: 27.10.2020 13:57:37	68,914			64,591	24,557	62,735		86,83	3,969	3,991	73,703	0,265		71,103	15,4
36
1. Recording: 29.10.2020 13:41:33	68,853		0,532	61,534	29,059	146,509	1,171	3,357	41,743	44,165	73,702	0,45	52,529	12,162	19,648
37
1. Recording: 29.10.2020 16:05:49	66,713			61,777	29,681	74,837		22,339	43,303	22,434	74,521	1,35	2,111	55,871	27,623
38
1. Recording: 30.10.2020 11:08:58	68,882	0,749		69,176	24,246	74,453	0,806	3,206	43,307	41,53	74,384			81,613	14,132
50
1. Recording: 28.09.2020 14:14:22	139,854		0,59	54,109	37,051	74,178		95,451	3,845		73,916			49,698	39,224
51
1. Recording: 29.09.2020 11:15:48	73,468		0,679	76,075	20,342	74,761		82,231	13,908	2,323	74,714			74,066	24,928
52
1. Recording: 29.09.2020 16:20:55	76,81		20,808	42,554	27,318	74,309		73,621	9,086	13,041	74,455			39,551	56,83
53
1. Recording: 01.10.2020 09:27:40	69,545		2,953	38,149	52,467	66,389		3,061	34,099	59,645	74,325		1,457	26,073	58,198
54
1. Recording: 01.10.2020 11:24:19	74,413			67,987	27,205	74,246	0,026	17,202		17,162	73,967	0,022	0,007	4,04	61,711
56
1. Recording: 01.10.2020 16:21:09	63,69		0,074	4,258	28,592	74,472		99,282			74,561			0,153	31,547
57
1. Recording: 02.10.2020 16:13:04	74,683			36,384	61,551	74,192		12,853	8,171	30,309	0				
57
2. Recording: 02.10.2020 16:35:09	0					0					74,523			45,097	51,348
58
1. Recording: 05.10.2020 11:17:29	64,999			76,513	16,054	74,531		89,316	4,009	2,569	0				
58
2. Recording: 05.10.2020 11:36:45	0					0					74,545			53,216	40,225
59
1. Recording: 05.10.2020 16:22:20	62,556	0,99	25,81	51,536	19,136	74,045		63,44	6,009	27,955	0				
59
2. Recording: 05.10.2020 16:45:29	0					0					74,128	0,444		58,26	39,375
60
1. Recording: 06.10.2020 14:09:17	70,148			59,085	32,766	74,206		57,939	7,668	27,228	0				
60
2. Recording: 06.10.2020 14:30:00	0					0					74,03	0,043	1,73	35,21	45,351
61
1. Recording: 06.10.2020 16:15:44	65,722			65,003	23,09	85,151	1,106	40,712	21,139	31,505	0				
61
2. Recording: 06.10.2020 16:39:21	0					0					73,924			62,597	27,562
62
1. Recording: 08.10.2020 09:20:20	70,608					72,664					74,199				
63
1. Recording: 08.10.2020 16:19:46	70,702					74,215					0				
63
2. Recording: 08.10.2020 16:40:26	0					0					73,76				
64
1. Recording: 09.10.2020 09:24:46	68,129					73,884					74,299				
65
1. Recording: 09.10.2020 11:29:56															
65
2. Recording: 09.10.2020 12:11:03	0					0					0				
66
1. Recording: 12.10.2020 09:15:07	73,179					73,709					74,728				
67New Subject 2
1. Recording: 13.10.2020 09:11:28	72,914					73,838					74,306				
68
1. Recording: 13.10.2020 11:18:43	62,75					59,37					73,824				
69
1. Recording: 15.10.2020 16:14:39	73,565					74,102					0				
69
2. Recording: 15.10.2020 16:33:23	0					0					0				
69
3. Recording: 15.10.2020 16:46:55	0					0					74,122				
69
4. Recording: 15.10.2020 16:50:23	0					0					0				
69
5. Recording: 15.10.2020 16:53:03	0					0					0				
69
6. Recording: 15.10.2020 16:55:35	0					0					0				
69
7. Recording: 15.10.2020 16:59:18	0					0					0				
69
8. Recording: 15.10.2020 17:02:09	0					0					0				
70
1. Recording: 16.10.2020 09:14:58	69,974					73,742					73,642				
71
1. Recording: 16.10.2020 15:10:53															
71
2. Recording: 16.10.2020 15:14:50	0					74,255					74,399				
72
1. Recording: 19.10.2020 16:08:49	67,346		0,656	10,241	7,415	74,324		14,97	54,046	22,555	62,478	0,078		3,595	66,318
73
1. Recording: 22.10.2020 16:12:30															
74
1. Recording: 23.10.2020 09:08:40	73,671	0,535	1,762	44,073	49,304	73,658	0,535	51,922	9,252	16,681	74,295		50,084	21,043	21,306
75
1. Recording: 23.10.2020 14:35:28	80,526	0,051	0,102	54,91	21,176	72,838	6,806		0,548	22,549	71,399	2,214			23,296
75
2. Recording: 23.10.2020 15:17:35	0					0					0				
76
1. Recording: 26.10.2020 11:16:06	73,87			51,966	36,384	0					0				
76
2. Recording: 26.10.2020 11:24:17	0					74,289		40,812	1,23	0,961	74,065	0,837	0,663	35,643	49,57
77
1. Recording: 27.10.2020 16:08:53	69,784			14,03	20,988	73,823			72,796	20,407	74,044	0,019		49,391	40,61
78
1. Recording: 29.10.2020 09:02:42	71,998	0,164	0,158	44,953	20,398	74,39		51,321	7,246	3,392	74	1,486	47,8	9,489	3,408
79
1. Recording: 29.10.2020 11:19:54	72,81		2,419	52,34	25,249	68,252		20,931	52,665	10,505	66,718		1,302	80,9	11,132
79
2. Recording: 29.10.2020 11:59:27	0					0					0				
80
1. Recording: 30.10.2020 09:11:32	80,911	1,843	1,132	50,936	39,223	76,995	0,507	1,218	35,965	54,491	55,76		77,812	10,57	8,054
81
1. Recording: 30.10.2020 13:56:19															
81
2. Recording: 30.10.2020 14:30:05	0					0					0				
82
1. Recording: 30.10.2020 16:19:25	55,351			77,663	13,638	0					0				
82
2. Recording: 30.10.2020 16:32:42	0					74,558		58,438	16,469	9,273	67,978			69,303	24,62
82
3. Recording: 30.10.2020 16:55:03	0					0					0				
Average	47,329	1,042	5,11836842	49,41881818	28,80972727	51,14936957	1,2724	52,71963415	16,77080952	18,42797368	51,01484783	0,66747059	13,36085	44,05588636	30,65571111
Standard Deviation	34,90191461	1,17555636	9,25321532	20,86163873	12,28229743	35,83847975	1,98657546	32,1822015	17,91283135	15,79321715	34,02855788	0,76081027	23,84758308	25,11951342	18,24250605
Maximum	139,854	3,825	28,994	84,347	61,551	146,509	6,806	99,282	72,796	59,645	75,173	2,375	77,812	81,613	66,318
Variance	1218,14364341	1,38193275	85,6219938	435,20797043	150,85483016	1284,39663092	3,94648204	1035,69409344	320,86952704	249,42570786	1157,94275116	0,57883226	568,70721856	630,98995424	332,78902689
Median	66,8135	0,749	0,679	52,153	26,524	73,8015	0,742	55,262	9,5055	15,3915	73,9835	0,444	1,07	49,6315	27,562
