Subject	TC1__Duration_[s]	TC1_wheel_AOI_Attention_Ratio_[%]	TC1_surt_AOI_Attention_Ratio_[%]	TC1_ic_AOI_Attention_Ratio_[%]	TC1_street_AOI_Attention_Ratio_[%]	TC4__Duration_[s]	TC4_wheel_AOI_Attention_Ratio_[%]	TC4_surt_AOI_Attention_Ratio_[%]	TC4_ic_AOI_Attention_Ratio_[%]	TC4_street_AOI_Attention_Ratio_[%]	TC7__Duration_[s]	TC7_wheel_AOI_Attention_Ratio_[%]	TC7_surt_AOI_Attention_Ratio_[%]	TC7_ic_AOI_Attention_Ratio_[%]	TC7_street_AOI_Attention_Ratio_[%]
01
1. Recording: 28.09.2020 11:21:11	67,722			35,736	63,157	74,055		72,204	24,553	2,308	74,417	0,603	0,335	49,456	43,748
02
1. Recording: 29.09.2020 09:10:12	65,983			7,914	75,386	74,604		97,094		2,193	74,897			20,419	62,335
03
1. Recording: 29.09.2020 14:26:30	74,718		0,89	25,452	60,609	76,375		67,379	3,314	4,831	74,271			40,417	42,781
04
1. Recording: 02.10.2020 09:17:31	73,511			22,726	76,535	69,238		94,928		4,043	74,641			12,694	85,31
05
1. Recording: 02.10.2020 11:23:48															
06
1. Recording: 02.10.2020 14:17:27	73,434	3,825	8,86	55,939	30,836	83,222	1,067	59,435	20,764	13,791	0				
06
2. Recording: 02.10.2020 14:39:56	0					0					74,461		0,179	36,349	63,063
07
1. Recording: 05.10.2020 09:35:30															
07
2. Recording: 05.10.2020 10:15:32	0					0					74,443		0,865	21,689	63,478
08
1. Recording: 05.10.2020 14:26:07	70,128			28,602	62,717	69,351			51,957	41,166	0				
08
2. Recording: 05.10.2020 14:52:34	0					0					73,125			42,438	41,857
09
1. Recording: 06.10.2020 09:08:11	74,775			26,07	65,391	74,09		91,165	3,982	2,937	0				
09
2. Recording: 06.10.2020 09:31:07	0					0					74,434			19,667	76,118
10
1. Recording: 06.10.2020 11:15:11	62,303			25,578	71,407	78,075		90,253	4,232	3,736	0				
10
2. Recording: 06.10.2020 11:36:04	0					0					74,304		0,017	10,707	85,012
11
1. Recording: 08.10.2020 11:20:59															
11
2. Recording: 08.10.2020 11:42:12	0					74,291					74,274				
13
1. Recording: 09.10.2020 14:21:39	72,653					0					0				
13
2. Recording: 09.10.2020 14:30:40	0					74,698					0				
13
3. Recording: 09.10.2020 14:41:24	0					0					74,478				
14
1. Recording: 09.10.2020 16:21:24	70,56					74,569					74,607				
15
1. Recording: 12.10.2020 11:19:46	66,474					71,829					75,173				
16
1. Recording: 12.10.2020 14:10:16	73,3					74,8					73,732				
17
1. Recording: 12.10.2020 16:09:23	69,703					73,78					74,24				
18
1. Recording: 13.10.2020 14:09:29	63,556					73,602					72,194				
19
1. Recording: 15.10.2020 09:19:10	71,231					74,229					74,428				
20
1. Recording: 15.10.2020 11:27:12	65,819					74,057					74,021				
21
1. Recording: 16.10.2020 11:22:18	71,696					74,184					74,279				
23
1. Recording: 19.10.2020 09:24:17	71,102			40,756	50,723	74,271		85,678	5,313	2,106	74,089		1,442	24,12	55,529
24
1. Recording: 19.10.2020 11:08:46	79,196			49,664	47,823	74,084			3,596	9,276	74,345			56,017	41,847
25
1. Recording: 20.10.2020 09:14:28	69,859			24,051	72,601	73,967		64,702	20,661	12,216	73,793		0,022	12,363	83,237
26
1. Recording: 20.10.2020 11:24:48	66,064		0,781	45,353	51,349	73,97		96,292		2,769	74,171			61,188	35,705
27
1. Recording: 20.10.2020 14:19:33	81,511			30,379	64,197	74,099		43,712	14,999	26,813	74,013		0,944	15,974	78,674
28
1. Recording: 20.10.2020 16:07:01	65,271			26,683	51,298	0					0				
28
2. Recording: 20.10.2020 16:20:31	0					72,855		83,725	5,974	9,334	75,085	2,375		61,183	33,033
29
1. Recording: 22.10.2020 09:19:52	66,799			11,638	85,597	74,03		95,776	0,066	3,565	74,112			19,709	75,993
30
1. Recording: 22.10.2020 11:17:50	71,652	0,925	32,348	26,238	35,244	74,255		70,161	11,811	13,423	74,289	0,026	2,186	35,358	51,582
31
1. Recording: 22.10.2020 14:34:59	70,067			32,365	45,545	71,579	0,024	58,372	13,343	17,372	74,064	0,062		29,859	64,577
32
1. Recording: 23.10.2020 11:29:27	70,156			17,953	10,806	0					0				
32
2. Recording: 23.10.2020 11:39:47	0					74,131		79,346		16,583	74,143		0,927	0,596	70,685
33
1. Recording: 26.10.2020 09:09:28	70,859		0,08	35,579	60,297	74,427		15,318	29,207	49,811	74,076	0,803	0,906	20,119	68,06
34
1. Recording: 27.10.2020 11:12:55	66,828	0,557	3,198	18,917	16,589	63,105	0,845	47,54	5,163	19,437	65,353	0,353	60,519	6,861	10,638
35
1. Recording: 27.10.2020 13:57:37	68,914			24,641	66,438	62,735		88,19	3,996	4,863	73,703	0,265		16,253	75,546
36
1. Recording: 29.10.2020 13:41:33	68,853		0,642	29,088	63,416	74,276		4,33	42,698	44,36	73,702	0,45	60,472	19,721	11,924
37
1. Recording: 29.10.2020 16:05:49	66,713			29,769	67,486	74,837		26,686	22,349	44,577	74,521	1,283	2,874	26,947	62,364
38
1. Recording: 30.10.2020 11:08:58	68,882	0,759		24,69	69,885	74,453	0,806	3,225	42,228	48,812	74,384			14,172	82,581
50
1. Recording: 28.09.2020 14:14:22	139,854		0,59	37,421	60,148	74,178		95,794		3,955	73,916			39,262	59,734
51
1. Recording: 29.09.2020 11:15:48	73,468		0,999	19,984	76,358	74,761		82,546	2,323	13,819	74,714			24,582	74,946
52
1. Recording: 29.09.2020 16:20:55	76,81		24,209	27,65	42,735	74,309		73,994	13,037	9,129	74,455			57,578	39,914
53
1. Recording: 01.10.2020 09:27:40	69,545		3,606	52,595	39,3	66,389		3,662	58,895	34,262	74,325		1,687	58,114	26,988
54
1. Recording: 01.10.2020 11:24:19	74,413			27,186	71,551	74,246		71,534	6,457	17,884	73,967		1,762	16,576	72,439
56
1. Recording: 01.10.2020 16:21:09	63,69		0,777	28,13	4,29	74,472		99,569		0,156	74,561			31,456	0,001
57
1. Recording: 02.10.2020 16:13:04	74,683			61,48	36,734	74,192		53,614	31,104	7,99	0				
57
2. Recording: 02.10.2020 16:35:09	0					0					74,523			51,913	45,395
58
1. Recording: 05.10.2020 11:17:29	64,999			16,836	78,067	74,531		91,793	2,547	4,01	0				
58
2. Recording: 05.10.2020 11:36:45	0					0					74,545			40,459	55,278
59
1. Recording: 05.10.2020 16:22:20	62,556	0,99	27,038	19,05	51,715	74,045		63,524	27,933	6,034	0				
59
2. Recording: 05.10.2020 16:45:29	0					0					74,128	0,444		39,476	58,618
60
1. Recording: 06.10.2020 14:09:17	70,148			33,799	63,49	74,206		57,617	28,071	7,855	0				
60
2. Recording: 06.10.2020 14:30:00	0					0					74,03	0,043	1,772	46,337	36,662
61
1. Recording: 06.10.2020 16:15:44	65,722			23,221	73,717	85,151	1,114	40,823	31,511	22,043	0				
61
2. Recording: 06.10.2020 16:39:21	0					0					73,924			27,565	68,528
62
1. Recording: 08.10.2020 09:20:20	70,608					72,664					74,199				
63
1. Recording: 08.10.2020 16:19:46	70,702					74,215					0				
63
2. Recording: 08.10.2020 16:40:26	0					0					73,76				
64
1. Recording: 09.10.2020 09:24:46	68,129					73,884					74,299				
65
1. Recording: 09.10.2020 11:29:56															
65
2. Recording: 09.10.2020 12:11:03	0					0					0				
66
1. Recording: 12.10.2020 09:15:07	73,179					73,709					74,728				
67
1. Recording: 13.10.2020 09:11:28	72,914					73,838					74,306				
68
1. Recording: 13.10.2020 11:18:43	62,75					59,37					73,824				
69
1. Recording: 15.10.2020 16:14:39	73,565					74,102					0				
69
2. Recording: 15.10.2020 16:33:23	0					0					0				
69
3. Recording: 15.10.2020 16:46:55	0					0					74,122				
69
4. Recording: 15.10.2020 16:50:23	0					0					0				
69
5. Recording: 15.10.2020 16:53:03	0					0					0				
69
6. Recording: 15.10.2020 16:55:35	0					0					0				
69
7. Recording: 15.10.2020 16:59:18	0					0					0				
69
8. Recording: 15.10.2020 17:02:09	0					0					0				
70
1. Recording: 16.10.2020 09:14:58	69,974					73,742					73,642				
71
1. Recording: 16.10.2020 15:10:53															
71
2. Recording: 16.10.2020 15:14:50	0					74,255					74,399				
72
1. Recording: 19.10.2020 16:08:49	67,346		0,848	35,661	27,571	74,324		15,428	24,039	55,035	62,478	0,347		66,832	16,299
73
1. Recording: 22.10.2020 16:12:30															
74
1. Recording: 23.10.2020 09:08:40	73,671	0,535		50,58	44,148	73,658	0,535	68,768	16,673	9,767	74,295		50,954	21,548	21,361
75
1. Recording: 23.10.2020 14:35:28	80,526	0,01	0,184	27,539	58,312	72,838	0,973	11,232	29,141	53,538	71,399		0,599	43,634	51,792
75
2. Recording: 23.10.2020 15:17:35	0					0					0				
76
1. Recording: 26.10.2020 11:16:06	73,87		0,173	38,024	52,77	0					0				
76
2. Recording: 26.10.2020 11:24:17	0					74,289		69,045	1,026	1,236	74,065	0,855	0,675	50,352	35,719
77
1. Recording: 27.10.2020 16:08:53	69,784			17,656	27,536	73,823			21,346	74,772	74,044	0,019		42,244	50,573
78
1. Recording: 29.10.2020 09:02:42	71,998		0,186	24,692	63,21	74,39		68,189	5,434	10,773	74	1,486	61,824	6,931	15,542
79
1. Recording: 29.10.2020 11:19:54	72,81		2,567	31,482	57,76	68,252		21,128	14,24	60,019	66,718		1,356	11,112	84,145
79
2. Recording: 29.10.2020 11:59:27	0					0					0				
80
1. Recording: 30.10.2020 09:11:32	80,911	1,84	1,254	39,564	53,726	76,995	0,507	1,261	54,617	37,134	55,76		78,223	8,192	10,786
81
1. Recording: 30.10.2020 13:56:19															
81
2. Recording: 30.10.2020 14:30:05	0					0					0				
82
1. Recording: 30.10.2020 16:19:25	55,351			14,186	79,973	0					0				
82
2. Recording: 30.10.2020 16:32:42	0					74,558		61,713	9,338	22,147	67,978			24,808	71,275
82
3. Recording: 30.10.2020 16:55:03	0					0					0				
Average	47,329	1,180125	5,74894737	30,05720455	55,19188636	50,36422826	0,733875	60,65231707	18,62994737	19,36090909	51,01484783	0,6276	15,02454545	30,73882222	52,4816
Standard Deviation	34,90191461	1,18821865	10,13806001	11,69386631	18,86531242	34,49235657	0,36354306	30,61240868	15,87298845	19,36527826	34,02855788	0,6572527	26,65554519	17,39778909	23,3889453
Maximum	139,854	3,825	32,348	61,48	85,597	85,151	1,114	99,569	58,895	74,772	75,173	2,375	78,223	66,832	85,31
Variance	1218,14364341	1,41186355	102,78026072	136,74650924	355,90001261	1189,72266176	0,13216355	937,11956547	251,95176243	375,01400204	1157,94275116	0,43198111	710,51808912	302,68306533	547,04276215
Median	66,8135	0,842	0,89	27,5945	60,2225	73,8015	0,8255	68,189	14,6195	11,4945	73,9835	0,444	1,399	26,947	55,529
