Subject	TC1__Duration_[s]	TC1_wheel_AOI_Attention_Ratio_[%]	TC1_surt_AOI_Attention_Ratio_[%]	TC1_ic_AOI_Attention_Ratio_[%]	TC1_street_AOI_Attention_Ratio_[%]	TC4__Duration_[s]	TC4_wheel_AOI_Attention_Ratio_[%]	TC4_surt_AOI_Attention_Ratio_[%]	TC4_ic_AOI_Attention_Ratio_[%]	TC4_street_AOI_Attention_Ratio_[%]	TC7__Duration_[s]	TC7_wheel_AOI_Attention_Ratio_[%]	TC7_surt_AOI_Attention_Ratio_[%]	TC7_ic_AOI_Attention_Ratio_[%]	TC7_street_AOI_Attention_Ratio_[%]
01
1. Recording: 28.09.2020 11:21:11	67,722			35,736	64,164	74,055		72,204	24,553	2,401	74,417	0,603	0,335	49,456	46,23
02
1. Recording: 29.09.2020 09:10:12	65,983			7,914	84,56	74,604		97,094		2,265	74,897			20,419	63,164
03
1. Recording: 29.09.2020 14:26:30	74,718		0,89	25,452	29,658	76,375		67,379	3,314	4,291	74,271			40,417	32,089
04
1. Recording: 02.10.2020 09:17:31	73,511			22,726	77,331	69,238		94,928		4,477	74,641			12,694	85,942
05
1. Recording: 02.10.2020 11:23:48															
06
1. Recording: 02.10.2020 14:17:27	73,434	3,825	8,86	55,939	28,989	83,222	1,067	59,435	20,764	13,099	0				
06
2. Recording: 02.10.2020 14:39:56	0					0					74,461		0,179	36,349	63,631
07
1. Recording: 05.10.2020 09:35:30															
07
2. Recording: 05.10.2020 10:15:32	0					0					74,443		0,865	21,689	69,356
08
1. Recording: 05.10.2020 14:26:07	70,128			28,602	63,025	69,351			51,957	42,188	0				
08
2. Recording: 05.10.2020 14:52:34	0					0					73,125			42,438	45,823
09
1. Recording: 06.10.2020 09:08:11	74,775			26,07	65,935	74,09		91,165	3,982	2,926	0				
09
2. Recording: 06.10.2020 09:31:07	0					0					74,434			19,667	76,164
10
1. Recording: 06.10.2020 11:15:11	62,303			25,578	71,666	78,075		90,253	4,232	4,07	0				
10
2. Recording: 06.10.2020 11:36:04	0					0					74,304		0,017	10,707	86,707
11
1. Recording: 08.10.2020 11:20:59															
11
2. Recording: 08.10.2020 11:42:12	0					74,291					74,274				
13
1. Recording: 09.10.2020 14:21:39	72,653					0					0				
13
2. Recording: 09.10.2020 14:30:40	0					74,698					0				
13
3. Recording: 09.10.2020 14:41:24	0					0					74,478				
14
1. Recording: 09.10.2020 16:21:24	70,56					74,569					74,607				
15
1. Recording: 12.10.2020 11:19:46	66,474					71,829					75,173				
16
1. Recording: 12.10.2020 14:10:16	73,3					74,8					73,732				
17
1. Recording: 12.10.2020 16:09:23	69,703					73,78					74,24				
18
1. Recording: 13.10.2020 14:09:29	63,556					73,602					72,194				
19
1. Recording: 15.10.2020 09:19:10	71,231					74,229					74,428				
20
1. Recording: 15.10.2020 11:27:12	65,819					74,057					74,021				
21
1. Recording: 16.10.2020 11:22:18	71,696					74,184					74,279				
23
1. Recording: 19.10.2020 09:24:17	71,102			40,756	51,88	74,271		85,678	5,313	6,132	74,089		1,442	24,12	61,522
24
1. Recording: 19.10.2020 11:08:46	79,196		0,325	49,687	48,451	74,084			3,484	10,489	74,345			54,827	43,583
25
1. Recording: 20.10.2020 09:14:28	69,859			24,051	72,731	73,967		64,702	20,661	12,842	73,793		0,022	12,363	83,565
26
1. Recording: 20.10.2020 11:24:48	66,064		0,781	45,353	51,199	73,97		96,292		2,943	74,171			61,188	20,229
27
1. Recording: 20.10.2020 14:19:33	81,511			30,379	66,019	74,099		43,712	14,999	23,458	74,013		0,944	16,401	22,13
28
1. Recording: 20.10.2020 16:07:01	65,271			26,683	65,994	0					0				
28
2. Recording: 20.10.2020 16:20:31	0					72,855		83,725	5,974	9,609	75,085	2,375		61,183	34,44
29
1. Recording: 22.10.2020 09:19:52	66,799			11,638	85,822	74,03		95,776	0,066	3,711	74,112			19,709	76,046
30
1. Recording: 22.10.2020 11:17:50	71,652	0,925	32,348	26,238	36,273	74,255		70,161	11,811	13,402	74,289	0,026	2,186	35,358	52,226
31
1. Recording: 22.10.2020 14:34:59	70,067			32,365	64,764	71,579	0,024	58,372	13,343	26,026	74,064	0,062		29,859	59,453
32
1. Recording: 23.10.2020 11:29:27	70,156			17,953	78,71	0					0				
32
2. Recording: 23.10.2020 11:39:47	0					74,131		79,346		14,696	74,143		0,927	0,596	35,174
33
1. Recording: 26.10.2020 09:09:28	70,859		0,08	35,579	62,092	74,427		15,318	29,207	51,066	74,076	0,803	0,906	20,119	69,743
34
1. Recording: 27.10.2020 11:12:55	66,828	0,557	3,198	18,917	19,375	63,105	0,845	47,54	5,163	17,39	65,353	0,353	60,519	6,861	11,337
35
1. Recording: 27.10.2020 13:57:37	68,914			24,641	73,928	62,735		88,19	3,996	5,667	73,703	0,265		16,253	78,796
36
1. Recording: 29.10.2020 13:41:33	68,853		0,642	29,088		74,276		4,33	42,698	2,351	73,702	0,45	60,472	19,721	11,917
37
1. Recording: 29.10.2020 16:05:49	66,713			29,769	68,335	74,837		26,686	22,349	46,874	74,521	1,283	2,874	26,947	65,619
38
1. Recording: 30.10.2020 11:08:58	68,882	0,759		24,69	70,059	74,453	0,806	3,225	42,228	50,003	74,384			14,172	82,701
50
1. Recording: 28.09.2020 14:14:22	139,854		0,59	37,421	51,399	74,178		95,794		4,036	73,916			39,262	59,335
51
1. Recording: 29.09.2020 11:15:48	73,468		0,999	19,984	78,075	74,761		82,546	2,323	14,144	74,714			24,582	75,79
52
1. Recording: 29.09.2020 16:20:55	76,81		24,209	27,65	44,337	74,309		73,994	13,037	9,431	74,455			57,578	40,484
53
1. Recording: 01.10.2020 09:27:40	69,545		3,606	52,595	40,309	66,389		3,662	58,895	35,556	74,325		1,687	58,114	27,797
54
1. Recording: 01.10.2020 11:24:19	74,413			27,186	71,973	74,246		71,534	6,457	20,903	73,967		1,762	16,576	80,824
56
1. Recording: 01.10.2020 16:21:09	63,69		0,777	28,13	4,638	74,472		99,569		0,25	74,561			31,456	1,521
57
1. Recording: 02.10.2020 16:13:04	74,683			61,48	37,746	74,192		53,614	31,104	9,241	0				
57
2. Recording: 02.10.2020 16:35:09	0					0					74,523			51,913	45,801
58
1. Recording: 05.10.2020 11:17:29	64,999			16,836	79,45	74,531		91,793	2,547	4,149	0				
58
2. Recording: 05.10.2020 11:36:45	0					0					74,545			40,459	56,138
59
1. Recording: 05.10.2020 16:22:20	62,556	0,99	27,038	19,05	51,65	74,045		63,524	27,933	6,019	0				
59
2. Recording: 05.10.2020 16:45:29	0					0					74,128	0,444		39,476	59,486
60
1. Recording: 06.10.2020 14:09:17	70,148			33,799	64,508	74,206		57,617	28,071	7,565	0				
60
2. Recording: 06.10.2020 14:30:00	0					0					74,03	0,043	1,772	46,337	39,114
61
1. Recording: 06.10.2020 16:15:44	65,722			23,221	75,661	85,151	1,114	40,823	31,511	21,631	0				
61
2. Recording: 06.10.2020 16:39:21	0					0					73,924			27,565	70,765
62
1. Recording: 08.10.2020 09:20:20	70,608					72,664					74,199				
63
1. Recording: 08.10.2020 16:19:46	70,702					74,215					0				
63
2. Recording: 08.10.2020 16:40:26	0					0					73,76				
64
1. Recording: 09.10.2020 09:24:46	68,129					73,884					74,299				
65
1. Recording: 09.10.2020 11:29:56															
65
2. Recording: 09.10.2020 12:11:03	0					0					0				
66
1. Recording: 12.10.2020 09:15:07	73,179					73,709					74,728				
67New Subject 2
1. Recording: 13.10.2020 09:11:28	72,914					73,838					74,306				
68
1. Recording: 13.10.2020 11:18:43	62,75					59,37					73,824				
69
1. Recording: 15.10.2020 16:14:39	73,565					74,102					0				
69
2. Recording: 15.10.2020 16:33:23	0					0					0				
69
3. Recording: 15.10.2020 16:46:55	0					0					74,122				
69
4. Recording: 15.10.2020 16:50:23	0					0					0				
69
5. Recording: 15.10.2020 16:53:03	0					0					0				
69
6. Recording: 15.10.2020 16:55:35	0					0					0				
69
7. Recording: 15.10.2020 16:59:18	0					0					0				
69
8. Recording: 15.10.2020 17:02:09	0					0					0				
70
1. Recording: 16.10.2020 09:14:58	69,974					73,742					73,642				
71
1. Recording: 16.10.2020 15:10:53															
71
2. Recording: 16.10.2020 15:14:50	0					74,255					74,399				
72
1. Recording: 19.10.2020 16:08:49	67,346		0,873	35,739	26,242	74,324		15,477	24,026	55,978	62,478	0,232		66,926	19,487
73
1. Recording: 22.10.2020 16:12:30															
74
1. Recording: 23.10.2020 09:08:40	73,671	0,535		50,58	45,044	73,658	0,535	68,768	16,673	7,851	74,295		50,954	21,548	21,031
75
1. Recording: 23.10.2020 14:35:28	80,526	0,01	0,184	27,539	59,372	72,838	0,973	11,232	29,141	56,002	71,399		0,599	43,634	52,242
75
2. Recording: 23.10.2020 15:17:35	0					0					0				
76
1. Recording: 26.10.2020 11:16:06	73,87		0,173	38,024	53,586	0					0				
76
2. Recording: 26.10.2020 11:24:17	0					74,289		69,045	1,026	1,236	74,065	0,855	0,675	50,352	36,244
77
1. Recording: 27.10.2020 16:08:53	69,784			17,656	73,892	73,823			21,346	75,317	74,044	0,019		42,244	50,712
78
1. Recording: 29.10.2020 09:02:42	71,998		0,186	24,692	61,823	74,39		68,189	5,434	11,395	74	1,486	61,824	6,931	16,196
79
1. Recording: 29.10.2020 11:19:54	72,81		2,567	31,482	62,7	68,252		21,128	14,24	61,043	66,718		1,356	11,112	84,605
79
2. Recording: 29.10.2020 11:59:27	0					0					0				
80
1. Recording: 30.10.2020 09:11:32	80,911	1,84	1,254	39,564	54,36	76,995	0,507	1,261	54,617	38,064	55,76		78,223	8,192	11,126
81
1. Recording: 30.10.2020 13:56:19															
81
2. Recording: 30.10.2020 14:30:05	0					0					0				
82
1. Recording: 30.10.2020 16:19:25	55,351			14,186	81,012	0					0				
82
2. Recording: 30.10.2020 16:32:42	0					74,558		61,713	9,338	23,806	67,978			24,808	72,251
82
3. Recording: 30.10.2020 16:55:03	0					0					0				
Average	47,329	1,180125	5,479	30,0595	58,57527907	50,36422826	0,733875	60,6535122	18,62665789	18,99984091	51,01484783	0,61993333	15,02454545	30,72395556	51,07857778
Standard Deviation	34,90191461	1,18821865	9,94130682	11,69563861	18,62024384	34,49235657	0,36354306	30,61059987	15,87574598	19,52081903	34,02855788	0,66141714	26,65554519	17,35568186	24,15666098
Maximum	139,854	3,825	32,348	61,48	85,822	85,151	1,114	99,569	58,895	75,317	75,173	2,375	78,223	66,926	86,707
Variance	1218,14364341	1,41186355	98,82958126	136,7879624	346,71348059	1189,72266176	0,13216355	937,00882446	252,03931029	381,06237567	1157,94275116	0,43747264	710,51808912	301,21969295	583,54426961
Median	66,8135	0,842	0,8815	27,5945	63,025	73,8015	0,8255	68,189	14,6195	10,942	73,9835	0,444	1,399	26,947	52,242
