Subject	TC1__Duration_[s]	TC1_wheel_AOI_Attention_Ratio_[%]	TC1_surt_AOI_Attention_Ratio_[%]	TC1_street_AOI_Attention_Ratio_[%]	TC1_ic_AOI_Attention_Ratio_[%]	TC4__Duration_[s]	TC4_wheel_AOI_Attention_Ratio_[%]	TC4_surt_AOI_Attention_Ratio_[%]	TC4_street_AOI_Attention_Ratio_[%]	TC4_ic_AOI_Attention_Ratio_[%]	TC7__Duration_[s]	TC7_wheel_AOI_Attention_Ratio_[%]	TC7_surt_AOI_Attention_Ratio_[%]	TC7_street_AOI_Attention_Ratio_[%]	TC7_ic_AOI_Attention_Ratio_[%]
01
1. Recording: 28.09.2020 11:21:11	67,722					74,055					74,417				
02
1. Recording: 29.09.2020 09:10:12	65,983					74,604					74,897				
03
1. Recording: 29.09.2020 14:26:30	74,718					76,375					74,271				
04
1. Recording: 02.10.2020 09:17:31	73,511					69,238					74,641				
05
1. Recording: 02.10.2020 11:23:48															
06
1. Recording: 02.10.2020 14:17:27	73,434					83,222					0				
06
2. Recording: 02.10.2020 14:39:56	0					0					74,461				
07
1. Recording: 05.10.2020 09:35:30															
07
2. Recording: 05.10.2020 10:15:32	0					0					74,443				
08
1. Recording: 05.10.2020 14:26:07	70,128					69,351					0				
08
2. Recording: 05.10.2020 14:52:34	0					0					73,125				
09
1. Recording: 06.10.2020 09:08:11	74,775					74,09					0				
09
2. Recording: 06.10.2020 09:31:07	0					0					74,434				
10
1. Recording: 06.10.2020 11:15:11	62,303					78,075					0				
10
2. Recording: 06.10.2020 11:36:04	0					0					74,304				
11
1. Recording: 08.10.2020 11:20:59															
11
2. Recording: 08.10.2020 11:42:12	0					74,291	0,046	18,44	1,207	6,967	74,274			51,388	14,14
13
1. Recording: 09.10.2020 14:21:39	72,653			0,856	71,336	0					0				
13
2. Recording: 09.10.2020 14:30:40	0					74,698		0,574	0,396	0,47	0				
13
3. Recording: 09.10.2020 14:41:24	0					0					74,478		0,783	12,059	44,612
14
1. Recording: 09.10.2020 16:21:24	70,56	3,325	14,575	0,116	52,167	74,569		92,639	0,021	3,823	74,607	0,165		2,417	40,365
15
1. Recording: 12.10.2020 11:19:46	66,474		0,71	17,971	44,512	71,829	0,043	56,462	3,581	19,681	75,173	0,93	0,515	6,971	29,794
16
1. Recording: 12.10.2020 14:10:16	73,3			62,889	33,693	74,8		80,66	1,655		73,732			62,844	29,588
17
1. Recording: 12.10.2020 16:09:23	69,703			72,582	22,252	73,78		55,614	17,609	7,753	74,24	0,036	0,35	29,196	23,571
18
1. Recording: 13.10.2020 14:09:29	63,556		1,882	10,127		73,602		85,052	0,956		72,194			69,536	
19
1. Recording: 15.10.2020 09:19:10	71,231		0,795	61,758	27,56	74,229		86,674	1,446	3,09	74,428		1,15	64,253	22,728
20
1. Recording: 15.10.2020 11:27:12	65,819		0,1	71,112	19,207	74,057	0,922	53,732	19,033	14,45	74,021	0,585	0,607	52,011	34,617
21
1. Recording: 16.10.2020 11:22:18	71,696			66,709	20,46	74,184		83,412	1,91	2,288	74,279			67,085	20,039
23
1. Recording: 19.10.2020 09:24:17	71,102					74,271					74,089				
24
1. Recording: 19.10.2020 11:08:46	79,196					74,084					74,345				
25
1. Recording: 20.10.2020 09:14:28	69,859					73,967					73,793				
26
1. Recording: 20.10.2020 11:24:48	66,064					73,97					74,171				
27
1. Recording: 20.10.2020 14:19:33	81,511					74,099					74,013				
28
1. Recording: 20.10.2020 16:07:01	65,271					0					0				
28
2. Recording: 20.10.2020 16:20:31	0					72,855					75,085				
29
1. Recording: 22.10.2020 09:19:52	66,799					74,03					74,112				
30
1. Recording: 22.10.2020 11:17:50	71,652					74,255					74,289				
31
1. Recording: 22.10.2020 14:34:59	70,067					71,579					74,064				
32
1. Recording: 23.10.2020 11:29:27	70,156					0					0				
32
2. Recording: 23.10.2020 11:39:47	0					74,131					74,143				
33
1. Recording: 26.10.2020 09:09:28	70,859					74,427					74,076				
34
1. Recording: 27.10.2020 11:12:55	66,828					63,105					65,353				
35
1. Recording: 27.10.2020 13:57:37	68,914					62,735					73,703				
36
1. Recording: 29.10.2020 13:41:33	68,853					146,509					73,702				
37
1. Recording: 29.10.2020 16:05:49	66,713					74,837					74,521				
38
1. Recording: 30.10.2020 11:08:58	68,882					74,453					74,384				
50
1. Recording: 28.09.2020 14:14:22	139,854					74,178					73,916				
51
1. Recording: 29.09.2020 11:15:48	73,468					74,761					74,714				
52
1. Recording: 29.09.2020 16:20:55	76,81					74,309					74,455				
53
1. Recording: 01.10.2020 09:27:40	69,545					66,389					74,325				
54
1. Recording: 01.10.2020 11:24:19	74,413					74,246					73,967				
56
1. Recording: 01.10.2020 16:21:09	63,69					74,472					74,561				
57
1. Recording: 02.10.2020 16:13:04	74,683					74,192					0				
57
2. Recording: 02.10.2020 16:35:09	0					0					74,523				
58
1. Recording: 05.10.2020 11:17:29	64,999					74,531					0				
58
2. Recording: 05.10.2020 11:36:45	0					0					74,545				
59
1. Recording: 05.10.2020 16:22:20	62,556					74,045					0				
59
2. Recording: 05.10.2020 16:45:29	0					0					74,128				
60
1. Recording: 06.10.2020 14:09:17	70,148					74,206					0				
60
2. Recording: 06.10.2020 14:30:00	0					0					74,03				
61
1. Recording: 06.10.2020 16:15:44	65,722					85,151					0				
61
2. Recording: 06.10.2020 16:39:21	0					0					73,924				
62
1. Recording: 08.10.2020 09:20:20	70,608	0,361		12,238	38,473	72,664		60,182	7,498	2,334	74,199			4,046	37,763
63
1. Recording: 08.10.2020 16:19:46	70,702	2,314	0,283	2,47	13,918	74,215	0,683	48,673	5,29	10,642	0				
63
2. Recording: 08.10.2020 16:40:26	0					0					73,76	0,438	0,079	0,022	21,703
64
1. Recording: 09.10.2020 09:24:46	68,129			53,607	26,445	73,884			55,238	26,123	74,299			48,593	36,43
65
1. Recording: 09.10.2020 11:29:56															
65
2. Recording: 09.10.2020 12:11:03	0					0					0				
66
1. Recording: 12.10.2020 09:15:07	73,179		0,711	26,323	62,118	73,709	0,655	54,265	7,726	27,333	74,728			55,437	32,169
67New Subject 2
1. Recording: 13.10.2020 09:11:28	72,914	2,198		66,212	17,569	73,838	0,249		69,609	20,11	74,306		38,127	5,146	0,968
68
1. Recording: 13.10.2020 11:18:43	62,75		0,572	84,515	9,659	59,37		66,677	15,166	7,768	73,824		1,444	56,623	36,827
69
1. Recording: 15.10.2020 16:14:39	73,565			77,985	10,436	74,102	0,082	24,859	21,677	27,698	0				
69
2. Recording: 15.10.2020 16:33:23	0					0					0				
69
3. Recording: 15.10.2020 16:46:55	0					0					74,122			88,762	5,166
69
4. Recording: 15.10.2020 16:50:23	0					0					0				
69
5. Recording: 15.10.2020 16:53:03	0					0					0				
69
6. Recording: 15.10.2020 16:55:35	0					0					0				
69
7. Recording: 15.10.2020 16:59:18	0					0					0				
69
8. Recording: 15.10.2020 17:02:09	0					0					0				
70
1. Recording: 16.10.2020 09:14:58	69,974	3,346		53,594	37,954	73,742		19,895	1,559	0,788	73,642			78,395	14,099
71
1. Recording: 16.10.2020 15:10:53															
71
2. Recording: 16.10.2020 15:14:50	0					74,255		81,744	11,135	3,681	74,399		87,72	9,285	
72
1. Recording: 19.10.2020 16:08:49	67,346					74,324					62,478				
73
1. Recording: 22.10.2020 16:12:30															
74
1. Recording: 23.10.2020 09:08:40	73,671					73,658					74,295				
75
1. Recording: 23.10.2020 14:35:28	80,526					72,838					71,399				
75
2. Recording: 23.10.2020 15:17:35	0					0					0				
76
1. Recording: 26.10.2020 11:16:06	73,87					0					0				
76
2. Recording: 26.10.2020 11:24:17	0					74,289					74,065				
77
1. Recording: 27.10.2020 16:08:53	69,784					73,823					74,044				
78
1. Recording: 29.10.2020 09:02:42	71,998					74,39					74				
79
1. Recording: 29.10.2020 11:19:54	72,81					68,252					66,718				
79
2. Recording: 29.10.2020 11:59:27	0					0					0				
80
1. Recording: 30.10.2020 09:11:32	80,911					76,995					55,76				
81
1. Recording: 30.10.2020 13:56:19															
81
2. Recording: 30.10.2020 14:30:05	0					0					0				
82
1. Recording: 30.10.2020 16:19:25	55,351					0					0				
82
2. Recording: 30.10.2020 16:32:42	0					74,558					67,978				
82
3. Recording: 30.10.2020 16:55:03	0					0					0				
Average	47,329	2,3088	2,4535	43,592	31,7349375	51,14936957	0,38285714	57,03258824	12,77431579	10,88229412	51,01484783	0,4308	14,53055556	40,21415789	26,15170588
Standard Deviation	34,90191461	1,21600522	4,92622965	30,48493446	18,3276317	35,83847975	0,36337099	27,47874972	18,94809456	9,73237405	34,02855788	0,35339312	30,11024798	29,70170899	12,42446348
Maximum	139,854	3,346	14,575	84,515	71,336	146,509	0,922	92,639	69,609	27,698	75,173	0,93	87,72	88,762	44,612
Variance	1218,14364341	1,4786687	24,26773857	929,33122875	335,9020838	1284,39663092	0,13203848	755,08168626	359,03028756	94,7191046	1157,94275116	0,1248867	906,62703328	882,19151703	154,36729272
Median	66,8135	2,314	0,7105	53,607	27,0025	73,8015	0,249	56,462	5,29	7,753	73,9835	0,438	0,783	51,388	29,588
